200 50
45 1 28 52 0 73 25 27 4 38 49 20 27 97 17 51 36 53 41 26 19 11 33 81 22 90 13 45 1 25 26 25 47 19 9 33 43 11 48 80 30 53 24 84 15 73 12 8 32 54 39 13 29 86 14 46 16 47 11 45 40 24 34 2 10 3 23 99 8 91 31 78 42 57 21 77 38 62 5 35 7 38 20 27 6 35 18 64 46 37 2 6 35 53 37 16 44 45 3 33
3 20 46 7 41 98 24 55 31 9 1 99 8 43 9 70 40 19 0 54 48 99 27 19 21 68 35 40 25 44 19 74 5 18 16 81 29 80 36 10 45 3 32 14 39 64 23 38 47 25 14 51 12 52 37 11 43 98 44 35 13 77 4 27 38 66 17 91 30 47 42 44 49 92 15 47 20 97 7 32 10 79 11 86 26 74 2 56 33 82 28 53 34 31 18 35 6 31 22 45
9 57 22 65 42 7 7 49 44 46 48 1 14 70 41 39 17 45 15 93 5 13 18 43 6 29 35 41 1 25 10 37 16 71 2 93 30 2 26 48 32 82 49 53 0 13 46 40 45 13 47 81 11 39 20 8 21 60 3 34 36 26 12 39 33 32 25 62 39 21 4 29 13 98 27 20 43 66 40 51 37 78 31 13 23 36 28 23 34 30 8 17 38 95 29 72 19 59 24 52
7 49 33 37 13 30 9 39 0 41 20 43 2 32 40 35 39 11 25 73 29 41 22 2 26 35 12 54 6 19 21 87 23 91 3 96 8 79 24 24 4 51 16 20 45 87 28 81 15 98 34 35 36 63 10 67 32 89 48 13 44 68 19 99 47 97 1 13 46 37 11 5 30 54 43 18 17 51 49 16 18 79 5 25 38 22 42 34 27 74 14 42 37 95 31 57 41 45 35 64
5 93 41 49 6 46 7 9 9 75 46 15 43 57 11 61 17 35 22 39 1 22 39 81 42 48 21 65 27 51 3 6 30 63 26 67 2 16 48 80 20 22 49 5 15 46 45 74 23 96 35 54 19 5 8 64 0 38 38 50 14 37 32 38 4 84 29 84 16 91 13 55 24 6 44 73 37 26 33 61 12 3 18 47 10 63 40 88 25 34 34 88 28 96 36 45 47 48 31 88
29 3 26 4 21 48 24 55 16 41 35 54 45 66 1 58 2 62 22 13 13 77 41 80 49 97 44 43 27 9 48 44 18 98 10 96 19 41 38 33 32 99 9 79 20 38 5 31 39 8 28 93 42 63 12 92 14 74 33 85 4 15 25 48 15 6 30 30 34 25 11 43 8 73 40 72 47 25 31 43 7 79 37 62 0 49 36 80 43 81 46 27 17 22 23 66 6 23 3 38
44 24 42 62 2 12 49 60 35 37 22 13 36 53 38 39 5 39 25 93 41 3 45 10 32 27 4 69 8 84 33 53 43 1 20 79 27 38 21 13 7 16 0 39 17 4 19 27 9 68 16 20 30 6 28 70 46 76 47 10 18 87 12 55 34 51 24 77 10 98 26 29 6 73 23 29 11 53 48 66 37 22 13 40 1 58 29 60 3 27 14 68 39 35 15 49 31 51 40 34
39 72 30 77 21 87 18 44 20 43 24 32 32 15 45 44 35 75 2 95 41 82 27 63 12 52 37 1 10 93 11 55 16 20 3 74 49 36 25 45 6 15 14 15 26 32 31 92 38 75 48 69 28 73 0 34 40 46 23 57 19 64 36 22 42 74 1 66 43 19 22 18 44 82 47 36 17 85 33 93 8 88 13 36 7 33 29 27 4 56 5 77 15 80 9 85 46 37 34 7
18 21 15 33 49 68 9 79 17 62 43 77 4 27 5 62 47 81 1 3 19 39 35 36 32 88 34 59 12 27 6 32 7 96 36 73 42 40 22 48 46 13 31 7 16 20 0 84 48 75 41 31 2 1 44 2 11 22 45 27 10 61 27 91 23 41 28 45 25 78 21 7 24 96 39 24 40 85 8 56 38 20 37 4 13 53 30 52 3 49 14 15 26 88 20 90 33 75 29 79
10 52 21 29 36 22 16 7 43 99 4 20 1 91 30 87 49 56 34 82 39 15 46 71 42 27 18 94 35 19 38 97 22 8 48 95 33 89 14 80 11 77 45 97 37 26 23 39 6 18 12 14 20 47 28 87 3 76 25 12 44 20 5 88 27 25 0 38 15 76 7 32 8 23 13 51 32 11 24 30 26 99 2 47 40 22 29 63 19 78 47 53 17 68 9 31 41 63 31 41
36 89 7 60 2 44 21 81 1 43 23 96 40 25 6 71 35 1 11 80 18 25 46 86 29 34 30 9 28 39 34 75 5 92 15 32 33 85 37 26 24 55 26 80 39 42 32 74 4 60 16 5 14 64 3 82 31 73 20 22 45 62 47 20 44 64 38 47 8 52 19 71 41 95 43 20 10 11 0 72 25 74 49 42 42 35 17 48 9 80 22 74 13 96 12 23 48 62 27 84
44 14 8 39 30 34 7 28 33 44 28 21 48 66 40 12 3 87 29 10 43 49 36 70 46 84 49 17 32 41 38 9 35 68 9 16 19 9 14 28 6 24 37 88 20 8 22 8 2 40 21 31 17 78 13 41 10 64 15 14 24 18 26 91 23 85 1 84 16 47 25 63 34 43 11 73 45 19 47 45 42 68 41 59 18 29 0 41 31 68 4 5 5 51 12 83 39 69 27 53
29 90 20 74 31 44 25 22 3 59 1 81 23 3 48 26 35 59 49 74 32 39 4 67 9 77 10 99 15 88 42 89 26 43 0 77 13 32 5 72 17 17 46 5 33 67 14 44 28 99 43 33 40 63 8 84 19 56 38 84 12 74 16 53 27 9 36 95 30 47 41 61 47 72 11 44 6 9 21 24 7 90 39 86 18 66 2 14 45 2 44 25 24 74 34 6 22 69 37 70
36 50 9 53 37 72 49 43 24 62 5 6 11 79 25 94 8 58 35 98 40 71 47 33 2 96 10 34 27 95 44 7 14 18 0 53 42 78 39 91 1 69 38 31 32 96 22 61 17 3 15 11 21 3 20 2 43 97 29 25 34 77 46 87 26 5 19 8 16 25 23 91 30 61 7 27 33 40 45 81 3 61 13 78 31 99 12 13 18 48 4 32 41 34 48 2 6 10 28 5
22 65 32 6 5 79 42 1 16 73 11 53 26 35 7 10 18 72 4 33 2 17 30 92 3 47 35 47 10 30 12 50 17 9 13 18 25 9 23 66 44 28 29 43 33 55 21 44 14 31 46 28 28 12 9 45 34 15 39 84 20 44 38 62 27 43 1 76 40 54 0 28 37 41 15 88 19 37 45 10 24 88 41 65 49 62 6 49 43 15 47 67 8 4 36 78 31 56 48 36
15 21 49 31 1 56 10 7 29 71 36 1 33 29 17 17 44 49 19 50 24 33 13 52 20 18 38 20 16 53 47 47 25 48 30 82 2 22 4 89 32 34 27 8 31 38 21 50 26 80 5 92 6 32 35 66 45 43 9 80 0 81 23 70 3 43 42 27 12 66 18 98 28 12 37 81 34 32 48 36 41 95 11 53 22 21 7 70 40 62 39 85 14 34 43 18 46 5 8 32
43 73 31 93 28 19 45 64 49 52 41 65 26 35 32 10 24 8 37 47 48 64 10 36 35 46 29 99 42 20 39 96 46 21 18 20 8 92 23 6 17 82 25 92 22 10 0 77 4 76 20 51 27 5 38 34 47 63 44 15 19 88 34 31 2 68 14 65 12 89 16 43 5 75 30 85 1 7 21 87 11 12 15 23 40 2 9 7 13 76 36 99 6 42 7 98 3 41 33 61
27 17 8 22 35 9 38 36 29 2 22 9 49 94 31 32 12 93 36 98 45 12 39 18 9 60 0 14 19 62 14 37 33 84 10 15 15 2 25 45 17 1 23 32 16 44 13 25 26 25 40 18 30 49 5 60 42 18 4 46 47 6 37 21 34 4 20 25 2 15 43 80 3 32 7 91 24 67 41 42 48 32 18 72 46 40 28 15 11 84 32 16 21 9 6 56 1 85 44 3
25 36 32 5 26 13 10 9 12 25 41 1 4 88 40 22 21 6 9 30 44 24 17 67 39 5 28 69 33 47 30 10 7 22 22 2 42 23 23 65 20 5 35 24 18 82 34 55 47 74 27 97 37 48 13 39 1 56 0 13 46 45 11 47 24 61 16 21 31 37 2 74 3 53 15 68 36 11 43 11 8 50 48 78 29 92 19 74 14 26 45 31 49 61 5 2 6 24 38 75
23 50 45 45 18 37 17 67 16 5 42 12 2 68 29 3 46 43 38 30 20 50 32 39 47 94 13 1 8 41 33 66 41 25 14 79 21 70 3 18 15 64 0 96 43 71 7 23 4 80 35 16 39 6 5 71 34 68 1 1 49 68 30 47 11 89 9 58 19 51 26 58 44 55 10 62 6 97 24 92 40 47 48 13 22 43 12 98 27 10 31 51 37 36 36 6 25 84 28 22
3 54 22 7 4 30 26 37 30 25 23 24 16 84 36 12 20 30 35 18 6 23 49 21 19 45 5 59 18 3 28 85 39 1 27 40 13 41 37 10 25 13 7 36 1 76 43 91 0 57 40 78 38 21 45 52 8 27 32 74 15 59 24 41 31 85 14 68 2 68 33 95 9 39 29 2 34 46 46 91 42 62 21 25 44 92 10 53 12 23 47 44 41 78 17 26 11 4 48 4
0 34 3 38 44 1 27 13 38 30 37 86 7 12 2 32 35 93 21 9 25 76 42 42 36 63 11 8 28 55 43 22 17 11 26 97 13 92 22 10 46 66 19 24 1 44 41 90 9 21 5 19 34 59 30 22 45 45 16 64 20 94 8 43 32 89 47 16 15 74 4 21 31 98 10 40 49 75 12 60 23 27 14 11 18 40 24 20 39 1 6 24 48 33 29 36 40 37 33 39
40 4 32 27 39 66 42 85 21 12 12 14 35 41 38 8 0 94 45 51 41 14 27 91 28 85 9 47 36 97 43 23 15 39 20 4 4 45 44 19 19 25 16 30 48 81 17 98 1 86 8 98 46 74 34 99 33 9 23 89 25 19 49 96 11 13 22 31 47 79 13 23 7 32 6 76 5 42 18 81 3 59 26 49 10 53 14 7 37 4 31 91 2 74 24 40 29 98 30 52
1 66 42 92 23 86 37 44 22 42 47 57 21 21 31 78 30 39 24 2 45 61 44 46 40 72 46 33 10 99 48 29 9 79 16 66 32 82 7 60 29 30 5 27 34 62 12 61 20 58 39 70 43 89 0 22 19 55 2 29 18 69 41 60 17 99 6 30 15 52 28 52 8 98 3 28 4 46 11 85 38 30 26 72 36 42 49 87 27 41 14 5 33 98 25 65 35 91 13 53
41 84 32 93 15 65 24 55 13 76 26 17 5 52 43 26 35 43 39 12 45 37 12 34 37 54 0 92 36 42 28 19 21 5 30 1 9 12 11 77 2 35 20 57 10 7 7 81 18 21 40 19 4 94 3 57 38 81 34 10 42 34 1 60 8 93 44 21 6 46 17 7 22 88 33 10 16 46 19 72 31 97 29 53 25 83 27 7 49 86 48 78 23 60 47 79 14 31 46 24
36 43 42 23 29 24 44 57 1 35 25 35 33 77 21 75 43 16 19 51 24 27 4 84 11 96 18 15 15 26 23 66 16 14 13 86 20 9 48 62 0 89 14 74 35 57 37 77 45 41 6 75 34 26 22 94 17 72 30 19 28 8 31 31 5 76 47 10 8 16 40 54 32 15 39 17 3 97 46 34 7 24 10 58 41 54 49 2 2 37 9 55 38 81 26 67 27 25 12 38
16 4 27 79 30 76 39 25 8 55 2 36 0 19 24 16 14 29 12 40 5 99 32 96 33 15 19 69 29 46 41 36 26 23 44 80 46 57 45 47 7 18 4 58 18 40 6 54 21 56 11 53 20 30 10 16 35 49 48 99 23 35 36 1 31 5 42 51 38 91 25 48 15 80 28 94 9 11 1 25 22 80 47 91 37 57 17 33 49 75 40 81 13 84 3 78 34 77 43 66
13 7 18 43 0 2 5 20 29 65 45 80 10 87 9 67 20 70 19 36 12 80 8 64 21 49 41 56 31 65 6 66 17 77 38 69 16 62 2 34 14 93 27 53 4 96 7 62 49 67 47 8 34 35 32 35 30 94 25 49 48 69 35 55 23 46 43 6 46 88 39 7 42 22 33 55 22 99 24 90 28 56 11 87 15 22 37 69 26 84 40 90 3 86 1 12 44 79 36 64
8 87 28 87 23 60 21 85 48 33 14 10 26 38 0 34 18 16 1 88 7 20 30 26 40 31 39 70 31 19 25 8 43 89 15 68 36 96 5 16 45 41 35 48 29 32 49 7 16 33 12 73 38 58 33 61 4 47 42 93 37 56 9 69 11 21 19 39 27 56 2 6 3 76 24 56 6 16 47 67 13 94 44 58 41 17 34 57 32 48 17 31 10 1 22 26 46 22 20 23
10 36 7 99 26 25 44 46 40 21 5 34 3 49 9 6 31 81 8 64 11 95 18 25 4 54 14 97 34 78 17 61 27 20 22 66 19 10 49 40 29 43 16 51 21 82 24 26 48 76 6 75 33 5 45 11 42 8 43 84 2 95 46 85 35 12 23 93 1 77 20 78 13 7 32 11 37 74 36 48 47 74 15 12 30 39 12 82 28 88 25 18 39 31 38 3 41 73 0 39
21 89 22 1 6 98 35 88 25 84 30 53 39 94 12 93 45 30 43 58 11 8 23 29 36 85 10 63 49 9 29 61 26 45 31 66 13 67 9 7 14 85 40 24 20 37 42 14 32 67 15 94 2 39 46 89 48 76 8 36 47 98 41 26 18 26 27 69 1 38 16 21 19 87 0 7 5 6 33 77 7 16 28 42 4 83 34 88 24 84 17 90 38 82 44 92 3 97 37 75
25 58 38 31 27 66 19 19 33 1 15 95 20 48 17 31 42 64 41 26 48 14 23 10 37 72 8 23 1 42 5 96 43 85 9 88 31 30 3 96 28 96 18 14 29 53 21 36 34 77 22 77 4 72 14 12 40 60 7 8 2 65 49 8 26 56 10 63 47 39 11 75 32 18 46 11 30 1 36 77 24 34 45 99 12 86 0 43 16 67 13 96 6 30 44 19 39 25 35 87
34 24 30 26 18 53 48 77 36 8 49 90 25 82 27 4 32 66 4 6 7 88 15 90 35 67 47 10 39 93 42 3 13 49 38 2 2 91 28 41 44 84 22 75 0 73 3 35 37 32 1 86 19 4 45 9 29 26 11 50 23 98 17 77 40 10 9 61 41 41 46 66 31 91 26 8 21 68 12 89 24 91 16 91 5 26 6 22 33 87 14 43 10 49 43 29 8 70 20 62
4 89 1 7 49 37 40 11 37 22 47 42 16 17 10 48 2 53 34 36 31 76 30 47 39 87 27 27 22 33 45 76 46 28 15 28 42 92 36 79 5 88 17 94 25 16 24 5 41 41 43 23 12 25 26 6 14 74 44 91 48 16 9 71 29 58 18 9 38 41 19 83 6 74 11 47 20 70 23 44 13 67 35 25 7 65 8 22 32 18 33 2 0 28 21 99 28 64 3 47
16 12 3 27 39 18 49 73 4 11 28 91 40 97 45 31 43 52 0 23 15 50 19 53 12 93 5 10 21 20 11 64 41 43 1 78 48 6 14 31 34 85 8 46 13 30 20 88 29 91 33 82 25 68 30 86 27 15 38 82 44 90 10 46 36 14 24 71 9 61 47 70 17 68 7 88 23 30 35 85 31 8 37 37 32 52 22 98 2 90 42 46 46 92 26 63 6 98 18 57
7 42 26 88 21 79 35 30 16 31 49 62 5 15 44 81 33 72 25 38 34 98 46 71 42 46 17 46 18 97 1 7 10 77 3 44 6 9 28 56 47 63 24 83 48 36 36 38 31 27 12 66 0 58 20 64 41 67 23 7 30 2 40 18 4 14 37 38 9 65 32 92 43 74 15 3 11 91 2 49 29 1 8 64 45 85 14 62 39 52 19 4 38 30 22 40 13 25 27 74
12 87 26 22 29 64 48 49 32 92 38 2 1 81 27 65 31 4 46 1 19 43 44 87 17 22 7 77 47 46 33 53 43 60 16 72 21 66 18 90 40 76 36 27 6 70 30 8 20 27 2 87 11 57 49 25 3 5 15 65 9 40 10 37 13 58 25 9 22 58 23 72 37 18 42 17 39 84 8 43 14 77 35 58 5 4 0 9 24 66 28 25 34 84 41 33 4 61 45 68
31 8 38 73 8 54 35 84 13 37 23 80 43 74 28 60 16 94 6 18 1 82 25 10 48 62 11 50 20 50 41 50 2 92 21 53 49 88 27 95 0 57 14 21 46 7 24 56 36 26 4 59 47 76 44 56 9 32 26 51 22 33 40 45 39 26 18 43 45 89 10 34 34 4 33 47 42 5 29 18 17 27 7 47 12 63 5 47 32 79 37 94 30 96 3 59 15 87 19 14
16 56 20 15 9 3 21 10 7 94 13 52 18 11 3 77 17 99 37 25 10 5 28 10 39 20 30 5 43 86 8 25 22 95 45 19 15 65 47 37 27 43 24 11 44 12 0 16 19 61 5 23 49 60 41 46 12 73 36 34 2 60 23 30 35 89 34 30 38 17 29 19 14 85 6 54 32 78 33 87 48 29 26 32 1 4 40 3 4 75 42 75 25 22 11 22 31 47 46 86
35 5 9 70 7 25 5 54 2 71 8 56 49 34 47 64 46 29 3 30 40 74 13 46 17 82 31 88 15 91 33 98 37 66 34 54 32 84 14 45 41 30 6 62 30 71 23 48 21 11 25 92 4 65 0 93 12 91 26 4 44 46 39 32 29 9 42 9 28 93 36 85 19 67 11 83 1 86 22 87 45 28 16 45 27 94 18 51 10 86 38 91 20 12 48 48 24 82 43 47
5 79 10 74 31 56 12 37 49 71 26 72 30 88 42 62 28 14 40 31 45 56 25 49 17 67 14 75 2 25 29 93 19 92 46 27 32 91 1 79 6 77 44 52 3 51 47 83 24 19 27 66 35 81 33 18 37 49 38 59 9 67 36 46 43 67 16 94 15 89 4 58 22 24 39 48 8 7 0 50 13 69 41 39 23 18 11 81 20 34 48 19 7 46 34 82 18 12 21 46
31 10 41 22 20 53 23 77 2 23 26 44 34 13 4 97 47 53 45 8 39 82 1 54 43 12 21 48 0 10 8 6 24 75 42 77 11 98 7 93 36 56 15 42 29 10 40 20 18 46 17 16 14 23 33 70 12 87 3 78 10 54 48 9 13 45 44 68 37 51 49 28 32 97 5 62 6 75 30 6 9 47 28 74 25 53 46 77 19 84 16 41 35 67 38 59 22 62 27 53
13 89 32 83 47 98 23 17 33 61 4 24 40 27 49 34 30 88 7 7 34 1 37 48 45 77 3 18 41 49 31 82 5 81 35 95 0 45 26 93 12 94 9 57 38 91 29 17 21 82 6 85 43 52 24 49 18 43 10 72 8 98 15 33 16 22 44 11 14 24 2 47 22 37 28 20 17 89 11 95 25 83 36 45 39 68 27 28 42 14 19 37 48 91 46 12 20 89 1 87
13 12 48 88 18 72 43 83 10 93 6 76 5 37 24 21 7 51 2 65 17 20 47 86 30 39 27 91 21 28 15 53 8 85 41 67 3 57 1 2 12 67 39 3 28 19 42 80 33 73 44 99 23 67 36 10 25 36 32 47 4 48 19 32 9 95 38 17 35 59 14 81 0 29 16 2 31 59 49 3 45 12 46 35 26 16 40 61 34 11 37 80 29 41 20 3 11 85 22 32
43 27 40 64 46 66 23 19 30 52 49 51 22 28 4 6 27 11 42 48 7 42 28 36 2 26 34 83 33 6 18 69 6 8 1 53 0 78 38 74 12 84 21 77 13 72 44 12 10 46 16 81 11 15 14 25 32 47 41 96 17 14 48 74 19 40 26 15 29 59 39 47 24 38 3 82 8 34 5 23 20 67 37 39 31 98 9 91 35 28 25 56 15 21 36 49 45 99 47 19
46 20 21 67 27 56 25 81 22 33 38 72 1 29 31 22 43 14 6 2 47 35 2 4 39 97 24 21 32 63 44 1 30 6 5 69 45 64 34 23 48 75 20 65 4 49 26 62 14 78 19 97 49 33 13 54 9 84 11 58 29 52 12 26 33 59 15 71 42 16 17 29 3 73 37 38 28 3 10 26 0 18 40 10 18 9 35 28 7 26 8 32 36 77 23 66 41 8 16 6
23 81 21 21 12 18 41 53 27 97 18 44 44 82 24 18 2 57 45 39 16 99 8 36 48 76 35 96 5 74 28 87 19 22 32 7 33 3 47 9 31 56 11 95 39 73 40 34 43 11 30 68 25 76 49 80 7 21 14 71 6 45 38 78 29 78 26 2 37 4 3 28 20 54 13 63 34 87 9 95 0 31 36 54 46 48 1 74 10 62 15 93 4 26 42 21 17 78 22 31
46 18 8 4 25 11 13 17 5 22 11 6 27 66 49 63 43 77 14 70 34 29 23 83 44 88 40 93 18 78 19 85 17 78 1 48 7 61 28 23 48 40 42 9 16 30 0 42 12 96 35 51 36 35 32 12 30 17 33 31 41 10 24 60 4 96 3 64 15 89 26 10 29 58 9 69 10 58 38 67 37 16 45 11 39 70 20 17 2 37 47 50 22 4 31 47 6 52 21 9
10 35 41 93 16 10 47 15 39 18 33 98 31 92 29 35 28 52 2 76 30 36 6 38 4 46 15 34 25 3 18 57 34 95 12 63 3 45 36 16 21 17 19 54 48 8 7 87 1 95 45 50 20 90 17 84 32 35 37 36 22 65 5 46 11 57 0 34 35 80 9 83 23 58 14 3 40 22 38 48 8 11 13 45 46 94 44 96 24 83 43 8 26 56 27 55 49 8 42 89
35 2 45 73 7 65 32 82 48 88 6 28 12 94 47 35 19 20 26 19 39 11 14 52 24 68 29 38 30 54 40 83 44 24 17 40 38 76 18 5 46 74 8 41 34 6 5 66 1 4 22 60 3 85 21 52 16 90 13 32 28 6 25 39 36 41 15 46 9 30 49 47 11 6 27 37 31 23 10 66 0 51 37 52 42 59 4 21 41 97 23 87 20 44 43 33 2 18 33 8
10 66 4 69 14 81 25 77 35 16 29 71 3 50 2 94 7 89 8 23 38 40 36 59 21 18 43 71 5 67 23 3 16 72 31 83 45 25 32 44 13 45 22 4 17 88 49 59 34 40 15 40 24 50 44 95 40 41 48 8 39 94 18 78 9 34 20 33 33 25 27 62 41 40 19 57 28 24 0 68 1 46 6 26 26 67 30 45 11 84 46 33 37 53 12 57 42 33 47 14
17 84 3 59 10 10 27 58 6 99 32 95 7 5 44 98 19 45 28 89 23 49 15 47 35 45 22 85 47 25 14 39 29 85 49 34 41 70 39 70 8 76 34 51 30 83 36 71 16 20 43 62 9 88 20 62 11 62 21 86 33 76 13 22 40 28 4 37 0 77 38 95 5 56 48 28 1 54 25 64 46 99 12 6 24 72 45 24 37 43 2 14 18 84 42 7 31 18 26 13
18 98 33 57 15 33 37 24 39 66 5 39 43 19 46 12 13 96 41 69 4 3 6 19 12 65 23 38 1 96 28 17 17 51 26 9 20 33 36 96 11 52 2 1 38 42 22 84 27 86 7 4 31 47 25 22 24 36 0 75 29 72 9 56 35 96 10 20 8 73 19 50 45 95 30 13 16 42 42 64 49 13 40 3 3 4 47 97 34 33 21 5 14 91 32 85 44 15 48 61
23 86 43 27 32 64 38 74 36 83 27 66 18 15 11 23 4 95 45 89 47 76 8 88 46 52 3 26 7 97 42 56 35 3 39 57 21 62 6 1 41 58 49 78 0 6 14 7 28 69 1 15 16 32 24 87 13 27 34 25 40 77 30 6 29 50 5 13 12 44 25 11 37 76 31 91 15 10 48 87 33 86 19 44 10 61 2 70 26 34 44 75 9 80 20 49 22 70 17 7
9 31 37 64 11 60 26 49 4 66 16 89 1 60 20 72 17 75 3 5 7 62 0 37 39 55 30 40 31 96 19 66 2 3 5 17 49 27 33 42 35 20 10 10 23 42 38 44 44 64 18 26 6 16 46 86 28 20 13 40 22 40 45 4 47 5 36 9 14 17 12 7 32 82 24 37 42 93 21 94 43 76 27 23 41 37 25 5 29 23 15 66 48 19 40 96 8 53 34 8
34 68 17 11 6 55 12 27 16 16 10 18 26 95 15 75 48 64 45 57 40 69 2 77 30 7 21 21 29 11 9 16 47 84 3 32 5 73 27 62 7 74 11 97 24 78 32 84 39 56 49 18 20 59 38 72 35 63 0 36 23 71 31 31 46 27 36 39 28 68 43 33 14 29 1 58 25 86 8 47 42 5 18 24 22 46 44 94 19 12 41 83 13 71 33 9 4 87 37 33
41 58 30 82 28 27 23 35 33 65 47 65 25 8 5 6 9 98 21 3 14 97 13 66 48 84 3 97 37 72 11 51 44 48 12 67 34 22 22 54 39 41 29 38 49 94 0 49 40 26 36 49 32 75 19 63 10 24 15 78 38 89 20 3 16 56 24 87 46 73 35 36 4 14 18 69 27 69 31 93 2 23 1 11 45 26 7 68 43 77 6 45 17 6 42 21 8 16 26 42
48 76 19 48 20 32 21 83 49 47 35 33 26 75 46 20 10 33 23 4 27 80 44 82 3 81 6 78 15 52 17 81 31 80 14 36 13 77 25 88 12 70 29 64 42 29 0 77 8 44 2 82 28 85 18 39 39 98 16 96 24 17 5 37 34 90 30 95 33 45 22 18 9 87 45 78 11 98 4 40 7 67 43 23 41 94 40 98 32 53 36 25 1 68 47 96 37 28 38 98
25 2 15 96 2 11 43 39 26 62 34 68 20 74 11 84 31 78 3 70 40 7 47 30 21 33 12 10 9 57 16 38 29 6 30 57 27 37 4 83 45 92 37 75 33 2 17 78 6 93 44 18 18 55 0 33 36 86 1 95 13 83 8 72 39 37 35 62 5 11 28 11 38 62 24 87 14 32 10 14 49 49 22 27 41 74 7 85 32 41 23 18 48 27 42 11 46 69 19 70
2 97 31 49 16 50 0 12 30 68 42 18 26 70 5 59 29 3 39 61 14 44 35 68 21 16 12 65 28 17 34 47 37 38 13 94 19 3 15 7 41 33 48 30 25 71 40 38 11 67 18 49 38 95 17 41 46 45 20 18 4 58 45 82 8 91 33 35 49 18 22 80 7 20 32 47 9 6 36 42 3 73 27 37 10 86 23 92 47 45 43 65 1 57 24 18 44 45 6 10
13 46 7 46 31 87 34 46 47 62 4 4 8 12 26 12 46 80 41 19 43 58 17 47 2 50 45 22 44 84 23 2 0 65 32 12 11 28 48 52 40 49 24 44 39 37 6 95 22 31 10 53 21 50 16 84 25 69 37 50 28 71 33 59 12 77 19 25 14 62 38 32 29 65 36 91 15 44 18 13 30 52 20 64 1 16 9 7 27 96 49 53 35 48 3 86 42 91 5 13
11 86 18 26 30 46 13 19 19 27 23 89 39 57 28 69 44 97 9 31 10 37 16 64 7 30 31 1 25 95 43 24 4 46 22 2 3 88 32 44 17 49 14 27 8 83 48 19 37 15 33 12 42 86 40 81 12 65 5 39 0 33 1 27 45 71 35 3 26 39 6 39 27 50 21 62 36 51 34 61 20 36 24 56 2 4 46 92 29 77 41 21 49 12 47 83 38 73 15 67
2 23 47 81 30 91 22 55 16 45 8 70 17 34 7 8 29 19 41 75 4 34 36 35 46 75 44 5 40 59 26 78 3 18 11 24 20 17 1 73 45 67 14 58 27 62 39 61 9 84 24 22 21 81 43 28 19 99 33 38 18 6 23 95 28 86 25 6 38 56 34 19 42 5 13 38 6 52 15 20 49 31 37 49 10 55 31 71 0 78 12 23 48 84 5 35 35 96 32 71
23 16 19 76 39 6 34 38 1 29 42 69 7 61 32 73 40 9 49 38 43 88 15 32 37 27 6 42 31 39 48 63 47 55 38 31 26 26 0 4 27 12 29 12 45 93 10 34 3 17 22 66 18 49 36 29 17 15 24 8 8 14 12 42 46 6 21 2 33 47 14 10 44 52 9 7 28 44 13 26 30 16 16 43 35 97 41 7 4 63 20 34 11 43 25 85 2 24 5 12
46 53 21 75 49 77 2 23 48 60 3 38 26 15 12 49 30 42 8 98 16 72 27 84 35 74 14 61 45 87 38 37 13 16 22 5 6 78 33 45 31 58 25 28 5 40 7 84 15 34 17 33 9 61 20 25 28 86 40 79 29 15 4 38 43 76 37 1 41 65 1 65 36 92 39 41 0 66 42 65 24 66 44 2 19 80 32 20 34 91 18 56 23 65 11 72 47 66 10 26
44 51 31 16 15 40 36 3 35 85 13 66 41 55 7 92 0 6 23 40 29 30 34 14 30 84 18 87 40 37 37 47 25 53 14 76 33 39 24 75 47 31 10 9 5 38 9 47 21 49 39 78 20 70 11 80 26 75 49 25 2 65 43 25 46 65 16 1 1 86 48 26 8 21 38 1 4 91 32 11 6 9 3 81 45 39 12 59 27 52 22 99 42 17 17 92 19 50 28 18
26 34 35 99 11 92 3 89 46 55 17 42 31 74 37 97 21 14 22 71 1 62 4 14 13 22 10 51 33 66 7 86 40 41 2 20 14 54 45 24 29 20 6 41 47 61 41 1 18 8 48 6 36 26 16 5 39 53 49 57 43 72 23 76 32 29 44 21 19 63 42 95 20 68 38 29 0 42 34 50 5 97 8 36 15 26 28 46 27 89 25 82 30 99 12 54 9 77 24 97
30 24 40 28 38 43 32 58 21 11 2 19 13 65 37 25 29 14 4 32 47 9 18 88 24 34 28 46 34 7 1 2 44 51 39 41 46 39 0 16 45 71 27 74 7 55 17 7 19 33 12 28 33 4 49 25 20 31 23 30 43 92 6 11 8 88 16 80 14 22 9 25 15 92 5 10 22 41 31 11 35 38 26 74 41 94 3 47 42 38 11 9 10 54 25 64 36 78 48 78
7 92 24 83 21 81 28 84 22 23 0 72 33 46 1 54 2 45 17 91 32 75 37 45 48 89 15 63 47 10 30 59 23 71 10 13 12 30 11 83 9 70 6 90 3 41 18 65 45 27 39 10 27 32 44 22 5 27 38 30 20 59 40 25 19 36 41 46 14 82 8 88 25 25 29 76 31 16 26 76 35 7 16 9 4 12 34 45 36 99 42 66 13 94 43 30 49 79 46 1
4 7 20 5 44 84 33 40 16 58 31 32 3 83 7 89 30 8 35 14 43 23 46 3 6 36 48 97 9 44 13 64 26 90 19 11 47 56 14 99 22 73 27 88 28 29 41 17 21 99 38 75 11 60 25 86 39 6 10 70 8 67 12 34 37 31 34 35 23 41 0 75 36 16 29 16 17 89 40 30 45 10 32 91 49 52 24 27 5 75 18 54 15 87 1 25 42 39 2 17
44 45 12 48 20 16 43 17 34 39 7 51 41 98 23 64 22 65 40 26 45 30 30 43 39 52 24 79 16 91 17 84 38 86 37 6 0 34 5 10 42 5 6 91 48 96 36 13 2 3 3 9 31 15 32 19 49 16 1 70 29 40 28 45 18 18 11 65 21 59 47 79 26 73 15 55 46 12 33 91 27 66 25 44 35 46 19 54 4 63 8 88 14 34 10 9 9 54 13 45
7 90 31 65 39 69 32 14 12 73 36 2 47 79 33 12 27 66 6 76 30 94 24 66 11 65 3 25 49 41 9 38 26 56 5 9 25 16 42 35 29 23 18 46 14 95 23 56 21 57 41 97 4 94 38 79 8 93 40 44 20 50 0 27 22 94 35 24 43 21 15 15 48 43 13 47 46 59 1 42 34 24 19 15 44 67 10 45 28 96 2 45 45 83 37 48 16 56 17 78
19 27 15 82 33 5 14 35 24 17 38 48 12 33 0 47 34 7 41 23 1 27 42 19 2 42 46 27 20 82 35 11 44 64 31 79 37 99 26 25 27 33 22 8 39 47 8 29 28 15 21 67 5 71 43 37 10 7 23 41 32 47 3 81 49 90 18 33 29 31 13 80 16 98 47 30 40 73 11 63 17 12 7 25 30 76 6 11 48 22 45 56 4 41 9 87 25 60 36 41
6 77 45 16 43 66 3 15 4 45 9 66 27 85 7 24 46 4 33 37 35 74 36 58 20 25 28 13 26 41 23 33 8 17 22 63 0 71 14 74 48 2 12 21 25 81 29 56 1 31 21 60 32 55 39 8 40 87 15 90 5 82 24 27 2 62 38 87 16 46 19 65 31 26 47 10 42 73 18 46 49 13 30 70 11 25 41 47 44 33 13 98 10 69 17 79 37 90 34 4
12 1 3 86 20 80 1 82 17 64 13 47 38 52 40 74 33 98 41 96 6 87 31 6 2 67 34 58 24 67 7 64 28 79 18 10 19 75 23 2 9 30 46 43 5 62 44 47 10 36 11 96 35 12 39 76 36 70 48 92 45 45 22 58 42 32 30 78 47 7 43 91 37 27 16 45 27 67 0 89 4 47 14 51 8 79 49 34 21 47 25 92 15 37 32 45 26 31 29 26
30 6 34 86 4 31 5 95 23 99 7 87 42 62 44 63 46 97 20 70 17 16 40 50 32 52 18 76 0 73 24 46 26 47 16 11 28 29 36 98 39 91 22 59 3 60 25 71 38 58 37 95 10 26 12 47 11 24 1 69 13 45 31 49 43 30 15 13 35 93 48 20 6 57 33 21 2 23 21 77 19 46 49 71 29 32 45 92 41 11 47 1 9 2 27 66 8 66 14 7
13 60 11 16 20 69 1 3 0 22 36 66 39 61 17 61 18 61 6 2 12 3 16 54 31 65 2 48 33 82 30 46 37 8 24 8 26 95 7 35 47 90 43 40 42 17 48 78 15 59 9 58 27 91 38 74 25 20 35 81 21 34 44 91 34 32 49 54 46 93 10 98 22 11 28 96 19 26 32 94 40 37 3 66 5 85 14 34 41 34 23 97 45 93 29 89 4 27 8 94
44 54 20 11 23 44 5 17 32 50 35 73 45 66 40 18 24 6 26 13 37 52 14 92 43 40 16 61 11 70 42 61 41 60 21 24 3 11 31 66 18 23 38 61 4 42 49 17 36 49 12 77 22 32 2 2 29 64 39 35 25 85 8 13 1 30 48 18 6 38 27 71 47 6 46 42 7 47 17 47 33 80 13 99 30 69 9 14 28 90 10 72 0 62 34 44 15 42 19 59
44 3 32 44 40 85 31 86 0 4 33 67 15 64 22 58 42 5 8 7 36 59 27 29 23 13 7 50 10 4 9 61 47 46 2 38 5 64 17 99 41 64 25 77 30 78 37 9 29 15 16 64 20 21 14 67 34 9 3 81 19 9 43 37 1 96 39 92 6 9 48 35 18 44 28 51 46 24 12 36 11 71 24 21 13 10 21 93 26 62 49 63 4 30 45 80 38 65 35 66
10 14 37 86 6 19 13 13 22 26 42 99 1 68 30 38 41 11 31 53 5 31 9 25 2 5 48 99 4 40 44 23 27 87 46 69 21 39 23 58 34 72 14 78 11 87 16 65 17 91 43 39 18 41 35 4 20 63 7 59 33 64 12 36 26 67 40 42 24 75 45 18 25 53 38 69 32 23 8 44 39 50 28 86 19 11 29 49 49 73 3 44 47 84 15 50 0 27 36 34
2 27 0 8 41 27 15 54 25 43 43 30 18 42 7 31 42 52 5 47 40 63 11 24 27 76 13 7 28 84 32 8 38 71 33 6 39 28 9 22 37 16 22 17 49 81 23 97 19 13 35 54 47 51 1 29 10 21 21 49 46 18 6 38 34 66 8 70 48 35 17 5 16 2 26 31 4 28 36 63 44 14 31 99 30 79 29 87 3 76 12 17 20 98 45 11 14 95 24 55
6 48 49 95 25 56 10 99 23 26 36 27 32 70 47 2 1 35 33 99 41 75 19 58 34 91 35 58 37 62 3 49 43 65 0 63 30 4 28 30 31 66 15 44 13 9 24 90 14 74 8 11 26 41 17 30 27 53 21 61 7 18 9 82 42 94 29 37 46 45 12 79 11 4 20 36 38 22 40 92 5 87 44 29 16 7 4 22 18 18 39 93 2 36 22 30 45 57 48 55
8 44 39 35 20 2 44 53 42 1 34 9 45 2 32 94 18 39 30 48 23 75 21 76 12 62 24 74 11 95 0 45 47 52 41 72 31 64 48 65 10 53 19 35 27 67 9 69 2 92 36 24 15 17 40 87 1 75 3 79 26 16 37 52 29 20 4 84 38 93 33 59 22 4 46 35 7 82 28 3 5 47 49 61 25 7 17 75 13 18 35 50 14 12 43 76 16 18 6 47
28 38 19 13 13 22 20 8 0 87 27 69 14 7 21 5 11 29 25 55 44 80 1 33 23 40 29 63 22 92 5 7 41 48 39 50 16 33 32 63 45 33 48 68 8 67 35 37 7 38 17 53 9 58 33 27 36 4 30 7 31 6 38 3 42 55 26 42 3 84 12 12 6 38 47 14 49 35 4 28 34 91 18 20 2 32 10 47 24 5 37 35 15 86 40 97 43 24 46 65
49 50 15 7 19 26 34 86 31 54 23 10 47 2 24 77 26 57 2 35 14 51 3 73 4 29 45 79 29 96 27 46 8 40 35 50 17 42 30 39 22 44 48 53 40 88 9 29 42 37 39 68 41 89 1 7 18 18 32 65 43 67 28 25 44 10 21 95 37 49 33 14 13 29 12 81 6 89 25 32 5 4 36 31 46 61 7 24 11 84 16 83 38 20 20 23 10 83 0 47
20 67 22 74 42 41 37 68 10 68 43 26 24 22 26 41 4 16 19 78 18 3 16 85 14 99 9 75 30 6 25 56 32 98 33 50 47 68 44 12 0 39 23 53 12 52 5 80 27 77 8 44 46 3 49 49 7 10 41 44 35 15 3 94 34 92 13 57 17 72 40 27 45 17 31 91 11 74 39 65 28 1 15 10 6 32 38 99 1 12 2 25 21 81 48 71 29 1 36 2
31 80 46 25 41 36 37 91 2 48 1 58 10 91 8 4 14 27 15 85 20 21 0 75 28 35 43 33 22 15 21 2 19 49 9 79 12 85 40 84 13 28 17 18 3 42 32 8 38 25 44 12 16 80 48 91 4 37 5 62 34 21 36 57 49 59 23 47 45 96 27 32 33 53 6 43 7 92 35 34 47 63 39 54 26 88 25 61 30 82 29 51 11 93 18 30 42 38 24 14
25 37 42 69 0 81 29 73 24 40 7 65 46 17 34 65 39 80 9 29 40 41 5 35 10 87 30 63 14 15 22 32 27 19 38 53 15 72 47 33 11 26 1 51 21 84 20 5 13 68 4 70 8 50 33 53 44 18 35 2 36 59 48 9 16 17 12 3 31 70 32 12 6 97 18 65 43 15 49 87 17 90 2 31 19 87 23 72 41 86 3 53 26 36 28 52 45 36 37 81
2 39 38 30 15 47 26 30 17 94 16 88 1 33 48 97 10 75 43 62 27 92 0 9 22 13 36 53 41 81 20 43 21 24 23 66 42 45 49 99 13 73 18 47 11 69 7 38 30 31 46 40 40 62 25 22 19 2 29 23 47 58 39 97 31 33 3 46 5 29 4 95 44 75 37 96 9 63 14 86 33 59 32 3 35 99 8 36 24 1 12 37 34 66 45 31 28 77 6 19
48 95 4 90 0 86 5 27 2 31 27 38 12 85 23 9 42 58 26 97 14 7 44 88 22 66 45 4 15 48 16 20 29 83 24 82 6 47 34 29 1 68 36 55 30 96 9 82 40 9 46 44 33 84 35 18 13 26 8 21 18 40 19 53 32 8 3 9 37 42 17 78 11 24 41 79 47 88 25 6 39 59 28 99 38 73 21 40 43 96 10 28 20 75 7 55 49 43 31 53
9 10 23 54 42 22 36 47 24 83 3 83 16 76 10 97 32 55 35 15 37 18 8 85 4 77 12 17 13 19 29 31 19 18 7 62 17 27 41 64 46 96 47 22 6 96 18 56 15 9 44 55 1 45 0 54 20 49 33 60 38 16 48 98 21 79 31 1 49 12 14 40 43 93 5 90 22 87 2 2 11 83 26 39 25 73 28 59 27 78 30 54 45 18 34 42 40 21 39 77
7 92 1 21 41 51 32 98 12 55 10 68 18 49 2 99 11 73 34 2 49 44 47 53 19 68 28 71 22 18 5 88 4 63 29 2 30 82 39 2 46 58 0 77 8 20 23 67 16 95 17 39 31 44 3 85 43 23 20 91 37 82 9 50 27 47 13 86 38 8 40 52 14 71 25 78 45 35 42 65 48 72 33 93 26 81 24 66 36 83 21 51 44 59 35 70 15 56 6 42
15 92 7 32 35 82 41 55 49 40 43 20 29 76 30 60 16 47 20 14 45 6 11 53 31 83 14 63 40 88 46 62 2 35 1 42 28 44 27 7 3 91 44 90 23 3 48 34 33 37 12 77 39 3 17 21 38 91 4 1 22 6 9 26 25 58 36 79 13 59 19 20 10 74 6 49 24 60 0 75 37 18 5 9 21 62 34 65 18 53 8 39 26 71 42 19 32 4 47 4
45 54 5 72 26 52 3 7 34 11 22 10 33 12 8 60 16 25 20 61 40 72 27 13 49 26 38 73 9 9 48 18 39 82 18 87 25 79 47 88 19 19 30 62 29 17 2 4 36 14 31 24 10 68 13 71 24 48 14 32 41 60 0 40 35 77 21 10 28 4 17 86 12 41 44 63 43 88 7 4 1 43 6 34 11 75 15 99 32 76 42 41 23 26 37 99 4 29 46 2
48 8 34 56 2 74 29 7 30 26 43 35 36 51 22 29 14 7 28 67 5 46 10 91 13 5 39 75 40 11 3 53 46 34 12 21 20 11 27 44 31 9 4 60 26 35 11 80 19 38 0 59 15 39 49 6 37 44 16 77 35 81 9 6 41 79 23 99 17 16 45 65 24 96 44 62 18 77 38 68 33 38 25 28 42 10 8 70 7 20 47 77 21 21 6 67 32 39 1 24
41 39 47 31 16 67 36 77 48 97 12 47 18 62 19 74 9 59 49 40 39 88 13 22 32 65 34 2 6 67 38 61 1 31 30 1 33 81 17 56 43 61 0 22 23 16 11 58 28 40 3 60 8 52 40 59 2 2 25 60 26 1 35 90 46 96 10 5 5 75 21 92 44 91 45 19 22 82 14 5 27 76 37 35 15 58 4 39 31 39 42 97 24 44 20 4 7 46 29 48
18 91 26 42 30 8 4 4 43 46 14 60 29 19 9 8 11 4 16 2 25 59 44 52 8 69 7 39 27 49 6 42 41 96 15 47 47 7 38 89 37 70 40 11 22 46 39 21 10 78 42 59 24 60 1 92 34 31 36 68 45 65 12 16 31 48 2 88 19 94 23 74 49 97 17 22 32 2 20 38 33 38 46 94 0 76 48 3 21 37 35 17 3 82 28 96 13 8 5 17
22 62 31 78 0 20 45 48 15 88 30 82 1 68 36 21 28 20 14 83 4 72 41 88 43 93 19 5 17 54 42 55 47 71 7 61 35 53 34 45 21 29 40 93 10 43 23 18 18 26 9 74 13 94 29 91 11 61 27 53 2 2 3 4 39 86 8 15 49 14 12 89 38 36 33 54 32 51 5 69 25 47 20 18 46 39 16 41 26 78 6 86 37 53 48 65 24 49 44 86
6 81 19 10 34 46 0 50 33 31 9 29 40 29 27 76 20 97 32 41 12 30 10 21 29 9 28 65 23 48 42 66 1 50 37 31 46 36 24 56 16 63 7 26 45 27 21 94 31 68 43 66 13 8 49 26 48 88 25 74 2 10 15 40 39 39 14 93 3 13 35 62 38 4 17 26 41 55 22 92 4 10 8 31 36 81 18 35 47 47 30 44 44 24 11 10 5 40 26 93
32 75 40 98 49 67 8 1 6 17 10 59 30 3 16 95 45 8 28 48 12 7 44 13 31 5 29 77 14 21 3 26 35 23 37 11 13 43 0 38 26 17 17 70 24 26 36 81 18 20 41 13 43 26 21 34 33 35 34 59 15 17 1 78 19 49 2 33 7 53 4 96 25 39 48 94 23 93 46 13 27 36 11 7 5 96 20 29 47 68 38 72 39 88 42 64 9 56 22 92
22 80 46 89 25 30 21 82 49 71 9 81 17 40 0 87 20 18 27 64 18 34 23 12 13 31 32 26 7 21 16 3 12 81 30 67 48 36 31 35 40 85 41 78 43 13 39 59 19 34 42 49 37 2 38 58 2 7 3 82 11 79 44 84 45 62 1 46 28 87 15 77 36 92 6 67 10 19 26 13 47 79 33 40 29 57 35 28 4 44 34 31 5 36 24 10 14 65 8 89
28 68 44 84 3 73 1 63 34 65 33 98 7 21 38 13 24 67 12 41 5 60 48 10 15 84 21 59 40 75 10 31 16 28 22 60 19 11 8 41 9 35 2 32 30 33 41 19 39 40 29 84 20 22 18 8 31 73 46 21 0 42 35 7 37 93 14 76 17 1 47 13 36 52 11 66 42 99 23 80 6 95 32 30 13 29 43 91 49 85 26 73 25 82 45 31 27 67 4 18
30 49 13 52 4 67 26 73 2 59 0 27 7 43 43 77 11 27 36 27 47 54 39 46 20 69 9 48 48 55 19 91 46 86 16 45 8 87 29 18 32 85 10 53 35 1 49 85 5 30 15 22 23 4 34 4 40 75 45 78 38 8 21 66 37 45 17 71 27 78 14 13 44 65 3 46 25 82 28 87 18 8 1 90 24 30 22 72 31 65 41 22 6 5 33 71 42 37 12 26
13 68 22 73 48 23 38 45 0 62 36 27 15 10 6 58 47 59 12 28 33 18 28 89 29 44 43 78 27 94 21 19 26 67 17 7 23 60 24 37 7 90 1 66 8 47 35 23 20 68 40 83 16 51 2 74 11 50 3 37 10 81 25 69 31 43 18 85 14 53 46 52 39 5 42 18 44 94 5 69 9 8 34 49 4 18 45 22 32 65 49 56 19 89 30 56 41 29 37 31
31 59 4 39 18 86 39 29 41 95 6 68 3 96 36 94 27 50 34 35 29 70 15 3 7 60 40 14 24 73 44 45 26 14 30 14 45 79 19 45 0 29 46 68 12 74 13 37 32 95 11 83 21 75 14 54 10 43 16 17 25 99 20 63 43 84 47 71 28 51 2 10 17 32 33 69 35 19 49 95 37 79 8 45 42 44 48 54 5 8 9 47 38 37 23 58 22 7 1 20
48 93 31 21 15 96 28 99 34 81 6 48 0 36 40 14 11 78 1 2 12 25 14 61 13 68 30 87 27 92 35 37 3 5 7 21 45 75 10 38 9 96 43 83 25 84 36 49 17 83 4 23 46 1 23 24 32 14 5 35 42 2 49 36 24 41 44 18 26 82 19 87 41 34 38 2 18 92 29 45 20 30 47 10 33 69 22 54 39 4 8 41 2 37 37 62 21 25 16 34
11 62 3 58 33 13 9 14 15 74 48 23 46 62 34 70 43 46 16 76 0 94 21 1 29 90 14 5 32 37 41 78 5 87 28 89 22 90 1 23 47 76 2 31 20 52 19 93 18 27 39 46 17 81 13 94 7 5 38 31 31 31 49 73 27 33 6 82 25 85 45 69 37 1 42 48 8 78 36 39 23 17 10 73 24 51 4 75 26 8 12 46 44 92 40 81 35 87 30 50
1 41 23 43 45 95 2 61 11 93 20 46 27 4 49 38 37 10 44 41 30 8 32 4 22 76 26 67 43 69 24 21 31 33 25 28 38 94 29 4 19 81 40 29 36 80 48 52 47 30 21 74 7 40 6 19 5 49 13 31 35 55 3 31 46 64 41 71 12 21 15 46 16 59 4 65 28 2 33 6 10 86 9 83 42 51 18 96 0 60 17 40 8 59 39 95 14 93 34 22
49 24 24 66 48 7 3 24 25 7 12 96 1 16 35 89 40 9 23 93 13 58 22 93 39 89 31 79 19 35 42 55 29 82 34 7 47 91 26 36 8 76 46 69 44 49 17 96 38 48 4 71 27 30 30 62 6 98 41 36 43 86 37 60 2 52 20 92 14 99 21 32 36 91 15 86 28 18 11 79 18 30 32 96 0 76 33 68 9 18 45 72 7 3 5 12 16 56 10 35
21 44 18 63 15 29 20 71 4 15 27 3 7 46 43 27 38 61 5 80 10 57 47 52 42 80 39 95 33 23 17 91 1 56 46 89 34 10 24 26 41 39 25 62 37 93 22 5 40 22 35 28 36 39 26 6 45 40 44 50 19 66 12 77 32 3 0 99 48 11 9 74 13 87 30 12 11 49 3 38 2 96 8 70 6 66 49 51 16 82 14 94 31 3 29 65 23 38 28 28
47 77 42 18 32 18 49 94 6 34 21 31 31 97 4 30 33 29 16 13 22 97 25 31 1 97 15 35 35 18 18 89 24 95 37 35 12 28 48 50 45 63 5 67 41 48 29 10 14 80 17 74 44 5 8 5 19 3 11 77 3 9 23 96 26 50 40 91 9 65 20 41 0 45 36 99 10 19 7 99 27 46 30 18 34 97 13 41 39 61 38 26 46 22 2 10 28 2 43 11
46 59 39 22 34 44 29 57 2 33 35 55 11 58 18 84 9 53 47 92 17 98 12 77 32 15 24 23 45 23 28 43 14 3 5 88 3 52 44 70 25 35 6 84 48 93 33 71 16 52 20 80 8 47 0 64 4 18 41 54 40 35 43 68 19 67 10 6 22 95 21 88 27 33 13 23 49 6 31 8 23 9 7 57 15 5 30 42 38 10 42 70 26 96 36 26 37 49 1 40
3 4 4 15 18 35 32 91 22 18 46 92 19 31 20 11 42 58 26 37 36 48 39 59 14 10 29 91 7 71 2 40 43 42 30 39 0 66 12 62 40 55 48 73 24 35 15 11 5 49 8 92 37 68 45 89 47 48 10 3 11 11 23 22 38 6 33 89 41 96 28 89 25 39 49 32 34 12 1 45 44 13 35 24 16 41 6 2 31 38 13 60 9 62 21 71 17 73 27 35
16 43 45 60 31 47 6 2 3 1 42 62 34 16 35 84 30 92 1 51 44 66 38 92 46 32 36 18 23 49 40 25 47 81 24 33 0 6 29 51 21 18 27 40 41 63 12 27 39 34 19 97 17 66 22 76 48 51 8 97 9 55 14 70 25 12 10 9 11 14 15 79 26 87 18 4 13 41 7 8 28 39 33 40 43 12 2 24 5 64 32 82 20 40 4 46 37 6 49 63
33 14 1 70 17 40 11 56 22 20 42 79 27 78 44 99 34 26 40 92 39 79 45 62 2 78 5 81 48 7 9 22 7 95 43 41 46 63 14 22 6 39 25 78 30 46 21 15 4 70 32 11 38 98 3 40 49 59 47 32 0 97 15 30 24 42 13 22 26 89 23 19 8 97 35 45 28 85 19 75 36 47 31 11 29 46 18 76 16 11 20 22 37 96 41 51 10 85 12 89
31 23 32 23 20 30 29 25 49 67 8 47 2 15 23 55 46 2 7 78 19 32 47 52 38 83 21 96 3 68 33 84 24 50 18 62 13 85 1 40 15 61 27 36 25 43 41 16 0 4 26 14 40 19 44 87 12 56 4 25 9 77 48 48 36 84 34 34 17 93 6 29 30 50 5 20 37 57 39 61 45 50 42 22 10 10 35 51 22 4 11 88 28 65 16 87 14 56 43 49
18 58 5 27 40 17 12 77 30 41 25 76 23 38 36 62 8 87 48 63 9 42 10 41 34 20 24 84 11 44 19 64 32 63 7 7 46 76 3 22 42 39 35 26 17 29 44 4 21 23 4 99 43 15 1 5 27 35 33 62 2 13 20 40 49 59 47 59 22 64 15 46 38 79 41 94 45 69 29 52 37 86 28 91 14 43 16 1 39 99 31 65 0 22 6 90 26 57 13 50
41 40 0 77 43 40 34 97 14 13 5 34 47 69 19 54 32 57 23 2 48 56 1 95 45 69 8 77 15 10 25 35 7 18 38 10 12 11 27 29 24 31 16 46 20 26 29 36 2 77 3 34 46 41 49 49 33 48 26 85 18 55 44 40 30 38 36 29 28 23 10 35 40 40 42 51 22 30 39 7 17 44 9 86 4 65 35 16 31 53 21 62 13 30 6 54 11 52 37 31
30 4 13 94 47 73 41 54 39 56 10 90 15 41 33 60 4 98 45 17 24 15 7 15 25 12 44 75 37 75 6 77 32 45 31 27 17 48 8 4 11 72 2 7 35 93 1 86 42 15 40 78 20 71 23 35 21 85 14 69 29 40 22 55 5 57 34 80 27 22 9 79 3 81 18 49 26 44 16 70 48 44 49 7 19 37 38 74 28 98 36 30 12 63 43 56 46 48 0 70
33 35 11 28 25 73 16 16 14 76 0 90 40 56 20 63 37 49 44 10 9 99 32 23 8 5 15 13 5 65 47 94 13 18 23 99 19 78 27 84 35 59 45 75 7 12 4 39 12 57 31 18 34 69 43 3 1 22 39 24 24 89 41 77 28 4 46 69 18 86 30 9 3 90 36 53 17 84 6 77 38 53 21 22 26 60 10 57 29 98 49 18 48 64 22 55 2 99 42 26
10 27 23 24 47 84 0 1 24 98 36 73 38 89 2 51 34 7 7 89 18 78 17 77 4 89 32 10 40 63 39 1 13 98 1 37 31 14 6 94 42 61 45 46 41 47 30 15 22 13 29 16 46 95 43 66 49 37 26 60 11 64 20 10 35 79 5 75 8 65 44 48 15 89 37 72 21 14 12 54 14 14 19 8 27 58 25 17 48 3 9 22 33 49 16 44 28 44 3 48
37 64 6 58 11 96 32 48 48 47 16 39 18 5 47 81 7 35 38 47 41 60 19 40 39 96 8 81 10 35 25 7 17 9 45 60 42 4 27 71 5 82 13 95 1 14 0 36 21 90 30 22 28 69 40 76 36 80 34 11 2 47 35 85 14 42 23 34 3 49 22 65 31 92 44 41 20 14 49 33 4 66 29 89 33 73 24 58 9 38 15 92 43 52 46 89 12 15 26 23
31 78 25 82 40 4 4 58 38 67 12 17 13 42 35 57 23 14 22 18 2 92 24 43 33 37 16 71 28 99 14 63 10 67 26 33 49 65 5 70 20 76 6 70 15 49 3 49 17 40 43 66 37 69 34 48 42 98 47 83 41 54 9 7 11 27 18 26 0 49 36 1 21 2 27 23 19 2 44 8 7 21 1 26 29 6 32 92 8 36 46 18 30 96 48 42 39 46 45 10
44 63 32 44 2 9 38 23 15 80 31 65 33 41 3 85 1 7 30 43 48 18 0 66 10 58 36 72 7 43 49 28 28 7 25 64 45 35 5 32 11 62 34 81 6 94 22 28 41 48 8 18 17 48 20 84 29 18 35 54 4 28 16 11 13 11 14 59 9 99 47 11 18 14 43 99 23 90 42 6 24 93 19 26 27 49 26 92 40 19 12 87 37 31 21 85 39 65 46 4
4 66 33 82 26 1 21 79 28 41 24 1 16 88 5 71 2 89 48 75 42 25 8 40 7 3 43 91 13 79 49 80 39 18 22 11 40 50 3 8 41 90 6 94 9 22 46 15 45 76 36 76 15 71 27 4 25 56 34 55 10 25 14 58 44 11 35 68 0 13 29 7 19 3 18 19 1 73 32 85 17 73 11 25 47 83 38 74 23 47 37 47 31 69 30 56 20 11 12 86
16 25 18 58 43 75 38 96 12 5 29 10 37 63 26 30 49 85 27 9 0 14 15 26 30 36 24 35 23 17 44 24 6 53 2 35 31 72 39 22 47 16 36 3 14 98 34 94 40 24 8 27 3 96 28 17 5 26 33 69 20 62 41 44 13 60 48 28 10 12 4 85 7 27 21 92 1 66 19 9 9 98 35 50 25 8 17 76 22 73 42 3 46 71 11 68 45 60 32 11
31 76 10 83 11 72 1 8 37 13 38 65 48 69 35 35 47 1 42 22 36 79 16 28 14 32 19 92 27 50 33 13 23 81 22 23 46 22 28 35 5 39 20 42 49 37 0 7 24 58 7 50 3 60 12 28 18 99 45 7 21 85 32 16 8 13 29 15 34 41 26 20 4 66 40 55 43 8 30 78 44 62 2 35 15 61 6 42 9 87 13 73 17 7 41 54 39 61 25 13
34 88 18 57 4 98 8 50 26 91 36 97 20 62 12 48 38 73 24 43 2 52 0 83 28 7 48 75 33 95 45 71 44 67 29 56 1 1 42 73 5 20 39 88 22 51 13 3 40 93 25 9 3 67 23 2 41 20 46 12 9 6 14 45 27 87 19 38 47 77 7 33 6 60 15 79 49 32 21 93 10 82 11 80 17 37 31 18 30 58 35 11 37 16 43 71 16 10 32 3
14 99 7 14 19 82 30 92 17 55 5 42 37 66 0 93 15 55 46 56 3 73 39 59 22 76 48 4 25 28 38 31 4 6 26 47 32 33 21 1 47 53 1 15 31 16 34 79 2 4 6 39 45 98 33 21 8 42 16 86 27 17 9 2 41 35 12 97 29 81 11 65 44 35 43 2 24 7 28 79 35 37 18 59 42 37 49 51 13 56 36 45 10 4 40 37 23 85 20 68
45 72 9 9 27 43 26 93 22 77 20 94 36 54 13 11 4 8 10 41 7 62 12 30 14 61 41 17 0 40 39 79 34 6 28 47 33 83 48 88 24 51 35 87 19 6 17 48 23 72 40 90 3 57 46 78 5 64 47 67 21 69 2 28 6 95 43 95 42 40 30 55 38 76 16 20 8 40 18 75 1 85 25 22 49 64 31 86 15 34 32 14 11 9 44 72 29 32 37 30
10 74 31 75 30 34 3 17 42 46 8 53 45 95 44 30 12 32 28 35 47 68 2 13 36 78 17 68 26 55 14 36 32 14 40 4 25 2 39 75 5 24 49 15 6 61 41 1 13 75 16 61 24 6 33 29 19 88 1 46 9 75 7 76 46 75 22 29 35 71 15 24 43 27 21 36 38 10 48 3 29 30 0 42 37 28 34 22 23 96 20 6 4 43 11 66 27 52 18 25
13 55 0 71 43 55 49 39 8 22 36 26 38 3 9 59 30 13 31 67 7 19 21 54 17 39 3 63 37 93 42 20 12 61 44 5 25 57 22 68 34 74 46 99 4 36 6 35 41 8 15 66 40 5 16 85 19 17 39 85 47 95 35 21 14 44 18 85 11 69 23 45 28 18 29 4 32 87 45 28 1 75 20 78 10 52 2 2 24 95 27 8 26 62 33 33 48 64 5 87
27 86 38 87 18 51 25 24 21 88 40 39 12 79 31 47 36 66 9 42 35 35 49 41 24 13 30 83 45 65 10 63 3 55 47 48 29 81 13 27 33 87 14 12 7 84 32 63 2 21 4 16 37 46 44 69 34 65 8 65 46 82 6 76 48 31 41 87 20 15 17 37 42 21 5 20 23 69 22 36 11 90 26 83 19 37 39 61 0 42 15 64 1 12 43 85 28 76 16 54
19 51 10 24 20 91 44 23 14 99 3 73 37 87 32 46 31 95 24 66 13 82 21 31 42 19 18 35 46 98 41 8 5 27 12 10 17 95 0 3 40 75 29 91 26 18 23 14 48 65 9 15 4 68 6 71 27 34 45 86 7 58 22 33 28 64 25 76 38 61 35 96 34 7 2 60 15 50 33 61 47 77 49 62 36 83 1 48 43 64 11 39 39 5 8 84 30 49 16 75
25 95 34 12 4 27 49 32 40 56 2 56 43 7 12 51 23 45 36 94 19 95 31 67 5 72 1 69 27 86 16 98 35 23 46 95 9 92 18 98 45 16 15 44 30 6 28 41 8 53 44 13 47 11 3 13 29 14 39 19 22 8 41 25 37 64 42 63 24 85 6 52 17 45 14 94 10 59 32 65 21 42 13 25 20 78 38 17 26 16 7 71 11 45 48 85 33 2 0 5
13 45 14 94 5 43 11 96 41 17 30 12 9 58 37 61 24 3 34 68 17 79 28 60 18 96 15 39 40 26 43 22 3 40 2 15 49 5 25 86 23 98 26 98 22 10 27 34 29 51 1 48 44 42 7 47 48 96 31 67 47 66 8 35 35 83 42 73 32 3 16 47 12 31 4 67 21 41 6 43 19 36 10 84 33 37 0 22 38 9 46 35 20 98 45 74 39 1 36 76
20 58 40 96 16 19 36 14 45 23 1 29 47 49 14 56 9 9 12 9 23 87 19 82 41 25 10 11 39 10 2 94 22 78 7 48 33 1 26 10 49 42 42 13 17 43 21 33 28 35 24 78 4 84 46 80 38 96 6 70 31 24 0 23 15 90 29 90 44 48 18 64 27 43 5 66 30 92 34 73 32 24 35 97 13 20 8 43 43 47 11 9 25 36 3 76 48 58 37 45
12 80 41 51 5 97 29 48 34 91 8 49 24 99 0 24 14 40 17 94 28 18 19 38 6 98 21 48 2 79 45 55 4 80 40 80 23 26 43 25 44 9 1 27 31 80 36 43 49 63 30 2 7 74 20 26 48 78 11 58 25 27 9 35 32 57 16 28 35 34 46 88 39 41 38 86 18 6 13 33 33 81 27 93 22 29 26 91 10 2 3 75 15 94 47 36 42 44 37 18
22 73 16 29 15 32 44 60 47 90 27 89 24 17 41 52 19 70 30 74 9 88 38 62 11 56 45 70 21 52 17 28 14 37 40 82 4 39 0 99 36 86 8 78 43 97 46 28 32 2 12 12 42 45 37 59 39 10 7 80 13 29 48 20 25 78 49 14 23 14 33 57 1 74 34 60 18 15 29 88 20 55 3 21 2 8 10 33 31 47 28 21 6 31 26 66 35 73 5 59
34 31 4 80 25 19 42 84 38 47 32 7 14 24 7 68 40 4 22 55 31 44 17 65 35 21 18 51 46 43 11 3 43 36 41 3 47 93 12 96 8 89 26 27 37 41 6 99 13 49 44 19 2 3 5 8 0 29 48 85 16 61 36 27 23 35 29 72 9 82 21 4 10 39 27 70 30 22 3 49 45 99 49 45 15 4 39 95 24 61 33 19 1 46 19 8 28 3 20 86
3 40 9 2 19 42 17 62 40 98 27 57 11 17 13 20 25 61 44 13 21 6 41 17 31 49 28 29 2 28 14 1 38 80 18 97 46 19 30 53 12 14 33 95 32 31 7 5 1 90 4 88 47 36 0 50 8 24 36 76 34 68 35 45 49 88 42 65 45 36 22 94 5 17 48 47 24 40 37 2 16 12 26 89 43 57 39 5 29 66 10 20 15 73 23 3 6 28 20 47
8 19 23 5 17 66 44 35 11 80 32 27 47 99 13 16 9 62 4 95 40 5 5 42 0 19 34 4 19 46 24 11 31 15 15 57 14 90 18 24 1 75 12 70 45 23 22 72 26 39 33 65 28 66 36 47 21 18 43 57 38 5 10 62 3 20 27 72 46 32 37 94 48 37 41 71 30 17 6 53 16 54 29 92 35 28 49 52 25 8 42 88 20 3 2 10 39 91 7 4
3 21 28 52 17 3 44 81 41 83 7 63 4 83 45 38 10 26 15 31 16 63 14 5 20 36 23 57 0 36 35 95 19 88 21 53 1 48 18 89 9 45 42 20 48 67 31 1 2 83 22 56 43 11 30 85 38 75 5 39 26 63 37 43 8 74 27 8 40 40 46 13 12 62 13 55 32 28 39 44 11 13 24 88 6 38 33 84 47 4 29 93 25 98 34 52 49 69 36 57
38 94 12 92 19 41 35 11 43 45 7 10 46 71 33 25 15 22 22 35 45 91 18 61 21 82 11 19 42 50 40 20 10 56 26 13 0 37 4 31 25 76 48 16 44 76 16 39 23 10 36 6 32 85 3 46 14 30 24 77 17 80 41 50 2 56 20 9 34 11 6 71 8 96 49 11 5 40 13 79 37 54 39 60 47 88 30 19 9 57 28 14 27 3 29 95 31 50 1 83
37 94 9 61 32 14 40 81 46 61 1 66 23 57 13 2 36 81 28 59 45 18 29 19 42 68 20 16 0 79 35 52 41 62 7 22 8 89 33 11 44 55 14 71 19 63 11 36 5 19 38 28 31 70 39 24 27 24 47 21 24 35 25 90 10 96 6 82 2 52 21 24 12 66 18 96 30 19 48 76 49 85 17 42 22 67 15 47 4 96 26 6 16 40 43 62 34 87 3 45
17 34 34 89 10 82 49 52 37 86 43 52 42 51 4 60 15 54 47 95 8 11 22 1 33 53 11 2 16 16 26 97 21 48 39 5 40 73 14 75 1 18 0 79 31 21 41 15 12 51 35 94 48 95 5 46 24 84 28 60 2 21 7 88 6 17 44 34 27 44 36 33 46 42 29 28 9 31 19 56 3 14 13 79 23 49 30 39 20 16 25 68 45 42 32 7 38 89 18 25
49 90 47 24 15 58 2 38 42 69 18 81 45 44 27 33 13 95 26 85 14 4 19 48 4 73 10 71 1 79 33 32 12 64 37 43 32 25 38 23 25 58 36 96 34 78 24 83 7 35 46 47 21 96 28 59 39 69 48 88 44 97 22 99 41 14 6 59 20 52 0 47 17 48 30 74 11 89 16 41 5 27 29 47 9 57 31 18 23 6 8 67 35 46 40 2 43 11 3 17
33 15 30 90 23 66 39 41 32 4 29 92 11 91 44 54 16 90 0 52 38 57 2 3 5 1 21 55 20 79 17 86 37 65 26 63 7 90 28 28 43 87 8 97 25 93 47 57 49 23 6 2 31 89 40 14 46 29 3 18 34 84 24 85 12 41 48 35 45 79 22 13 42 66 4 44 15 96 9 27 36 27 27 57 41 95 13 22 14 54 19 18 35 64 1 10 10 11 18 58
31 23 42 82 39 3 5 1 47 43 13 31 4 35 6 96 16 86 34 62 0 42 45 8 9 98 20 5 40 75 33 97 48 80 49 33 3 35 41 91 11 52 19 95 44 60 38 23 30 66 43 72 22 86 46 37 21 1 7 78 2 1 17 8 28 54 14 58 26 53 24 19 25 98 35 50 15 97 23 69 37 95 1 84 36 23 10 61 8 69 32 54 27 83 18 66 12 20 29 84
31 76 47 39 42 12 5 20 48 93 18 76 25 4 20 49 27 87 33 11 44 47 37 59 3 46 34 66 23 58 29 97 21 93 2 81 30 30 32 49 4 50 0 78 16 11 40 26 12 98 45 49 46 27 11 35 6 68 41 87 1 50 24 62 15 85 35 70 19 39 7 92 39 67 36 67 14 35 49 57 10 86 28 7 8 70 13 70 22 77 26 49 38 8 17 65 9 20 43 80
29 19 35 18 42 59 27 69 0 29 38 42 40 96 43 78 2 91 48 40 16 44 13 77 44 1 9 79 39 38 26 10 46 25 24 40 11 22 18 72 22 14 41 29 12 36 49 35 1 96 17 86 7 67 21 97 34 65 3 51 4 25 14 85 6 42 31 1 32 1 10 93 28 17 33 84 30 84 20 46 15 17 47 12 8 19 19 69 5 17 23 59 36 41 25 56 45 60 37 62
13 95 40 1 39 88 47 65 4 60 36 3 24 80 7 31 10 1 3 13 32 10 16 34 11 47 49 61 38 90 6 36 17 39 46 20 43 96 45 32 12 66 25 67 42 26 27 2 14 77 35 21 8 55 28 95 18 40 26 35 29 77 0 86 2 82 37 18 23 67 48 21 21 53 30 68 19 88 33 20 41 21 22 3 15 52 20 90 5 12 1 27 9 38 44 53 31 37 34 1
10 54 2 24 25 57 3 74 49 79 34 6 11 73 21 58 0 81 8 76 22 46 4 16 14 94 46 82 30 7 19 10 29 50 26 47 7 12 17 88 24 35 43 85 39 23 38 13 41 32 28 93 15 88 27 57 45 69 1 86 35 17 9 96 40 84 12 67 20 23 44 21 5 22 31 76 23 23 13 9 36 4 33 9 16 29 6 85 37 60 42 82 47 76 18 75 48 79 32 65
4 31 48 58 39 9 6 23 18 67 11 26 46 50 33 1 27 37 30 49 16 27 20 99 49 40 43 19 8 19 31 63 28 22 41 26 23 80 19 14 13 88 36 23 14 97 34 57 10 94 7 47 15 93 5 62 45 10 0 48 3 55 25 57 35 56 2 90 26 26 24 50 17 44 12 78 42 75 32 54 44 98 47 29 9 89 38 79 37 52 21 23 40 66 22 79 29 92 1 96
29 79 39 90 42 77 20 43 47 8 24 73 49 19 19 74 16 14 44 29 5 55 22 11 45 57 1 10 40 30 23 83 48 91 2 70 32 17 13 52 12 18 21 1 8 8 6 54 11 57 15 27 3 97 34 52 38 86 10 85 7 99 31 46 36 80 25 29 43 58 0 85 18 43 30 20 9 50 33 72 37 61 35 95 28 10 14 93 46 18 27 93 26 5 4 4 41 78 17 16
42 44 36 78 9 88 18 63 4 28 24 22 39 42 16 46 2 55 28 62 47 44 19 34 45 52 13 62 30 72 8 48 46 99 15 52 43 21 17 73 48 3 32 97 29 24 5 35 7 36 1 92 40 49 6 6 12 50 44 29 0 53 37 65 11 52 10 67 23 36 25 14 31 73 20 66 49 46 26 93 22 71 41 80 27 52 38 68 3 3 21 14 14 78 33 43 34 7 35 67
49 72 41 51 16 36 10 15 12 57 44 47 48 36 3 21 43 61 33 41 47 59 42 66 30 22 8 23 26 44 28 81 14 42 45 94 9 74 1 63 38 7 19 33 40 69 18 74 35 23 4 56 22 46 20 64 5 40 23 26 46 70 13 2 11 36 6 78 17 98 37 36 34 81 7 56 0 32 21 28 2 17 36 91 31 53 29 50 27 18 32 36 15 99 39 28 24 69 25 19
32 42 39 96 9 86 20 20 21 94 16 85 5 37 13 9 10 2 23 17 42 51 29 14 26 44 25 25 12 57 36 49 30 95 45 14 19 47 37 34 33 61 2 79 28 9 22 88 35 78 46 76 4 79 14 26 41 7 3 1 31 91 47 1 40 69 15 9 48 84 44 68 18 72 38 29 34 43 27 34 49 91 24 72 8 49 6 53 17 19 43 12 1 5 0 2 7 28 11 54
35 9 42 42 29 29 43 25 3 4 5 85 26 61 38 76 33 96 4 66 13 76 45 31 16 14 8 78 1 39 32 69 6 34 34 72 7 12 20 48 19 83 23 6 40 57 21 30 11 97 2 37 30 13 37 66 18 77 22 25 15 43 28 6 10 66 17 43 27 8 39 92 49 7 31 22 41 20 25 39 0 93 12 55 47 36 36 42 44 94 46 77 48 51 14 78 24 17 9 24
5 36 39 68 8 73 14 65 37 90 6 85 3 46 43 37 34 48 36 18 1 23 26 1 33 67 25 63 46 87 29 66 23 79 27 11 7 29 18 13 21 9 10 74 35 62 11 3 16 21 9 31 0 64 42 75 20 45 49 82 22 51 40 30 48 64 19 36 15 50 30 29 31 33 28 84 24 26 2 48 32 22 12 5 13 32 45 4 47 97 38 85 41 73 4 3 44 71 17 52
12 59 43 89 31 42 29 67 34 85 10 15 15 48 3 81 22 63 26 58 9 16 33 23 19 42 28 8 40 83 35 27 8 34 13 59 36 50 25 46 23 66 2 83 47 18 38 49 49 24 21 29 44 29 20 35 7 54 46 60 4 65 45 42 42 20 0 59 5 12 48 9 32 90 24 19 39 45 14 63 41 58 30 77 16 71 18 99 11 63 1 83 6 94 27 63 17 75 37 28
24 93 8 62 34 12 10 11 28 50 49 38 31 98 35 1 20 41 36 70 46 22 6 64 22 23 15 81 48 44 47 81 42 45 0 30 39 20 1 81 17 53 12 95 43 91 41 38 11 78 30 93 26 13 25 21 29 44 3 27 45 82 37 59 14 53 44 22 38 16 23 29 9 90 27 52 32 79 19 60 7 2 33 94 5 79 16 22 4 34 40 42 13 71 21 5 2 51 18 12
2 18 23 50 44 73 8 85 41 65 22 68 18 33 32 21 15 96 42 16 36 83 9 75 12 21 5 27 49 10 3 13 37 93 48 44 29 15 45 31 21 56 28 69 13 93 11 60 10 23 25 52 14 94 19 73 47 92 1 37 24 65 27 68 34 56 46 37 30 38 43 78 17 72 6 1 16 95 35 81 39 49 4 8 38 46 40 59 7 51 33 87 26 76 0 11 31 91 20 28
30 31 38 91 8 47 15 82 43 78 24 28 19 34 13 23 3 88 21 89 35 33 18 69 12 93 5 57 40 81 47 31 39 33 20 46 22 90 27 85 10 67 34 3 45 92 4 80 28 28 23 80 37 89 14 2 9 70 41 98 1 87 49 37 16 41 42 52 7 56 6 35 46 67 26 13 2 75 48 58 32 38 17 21 44 52 36 29 25 91 0 62 33 23 29 67 31 77 11 7
34 49 1 14 4 34 27 79 19 24 29 10 7 19 6 2 33 5 28 82 22 7 36 21 24 92 2 72 32 42 3 68 10 76 13 11 30 80 37 31 48 36 38 96 0 51 46 44 8 74 40 20 39 20 21 1 5 84 9 20 47 70 26 45 18 43 16 7 14 10 49 8 15 95 23 71 11 85 41 55 45 53 42 7 12 51 17 52 35 66 43 74 44 80 20 36 25 24 31 49
26 95 11 30 39 43 46 8 43 12 15 6 32 54 48 81 45 72 24 43 7 95 20 93 22 27 10 2 3 64 2 24 16 42 9 35 18 65 49 3 30 85 34 58 0 20 27 43 21 89 35 74 44 39 25 64 23 49 13 93 38 41 33 23 12 42 4 30 6 26 31 4 1 89 29 64 19 8 42 62 5 96 47 47 37 58 36 88 14 39 41 66 40 27 8 43 17 74 28 77
42 91 47 17 35 85 2 16 41 33 13 5 36 85 40 51 28 57 15 48 8 29 7 88 0 95 1 47 45 78 29 34 23 73 17 12 16 37 39 82 11 3 3 85 19 38 14 62 46 15 30 36 33 50 38 49 49 56 21 59 31 58 18 61 10 74 9 65 4 21 43 69 12 89 26 97 44 44 32 98 6 54 48 98 22 91 27 34 5 89 25 85 24 56 37 14 20 98 34 45
12 35 29 49 32 97 21 82 48 96 30 79 9 65 24 49 36 88 37 71 19 43 11 55 27 52 35 8 2 2 47 19 33 23 18 61 5 64 49 41 0 79 7 11 46 36 23 56 1 33 3 30 10 36 45 43 22 91 8 36 40 98 20 15 17 16 39 23 15 60 13 36 4 58 43 53 34 94 25 13 6 23 41 2 42 29 28 69 16 83 26 31 14 87 38 55 44 2 31 78
16 7 37 57 26 26 43 27 38 41 35 44 46 92 29 5 48 35 41 52 24 1 42 35 27 72 1 52 33 21 3 73 31 69 47 28 5 28 21 57 4 59 39 32 30 22 23 9 9 56 34 96 6 62 10 1 22 88 8 80 32 77 12 73 20 70 2 1 7 54 13 55 40 43 44 93 49 1 36 46 14 52 19 59 45 89 11 14 17 78 18 40 28 60 25 7 0 1 15 20
5 93 6 94 46 59 35 85 41 78 32 40 40 80 18 38 17 16 44 16 26 23 15 87 34 90 7 21 14 68 4 5 49 31 16 32 30 94 29 65 42 18 33 33 48 78 20 40 47 49 1 28 43 80 37 29 39 20 19 28 12 39 36 95 8 77 25 24 28 5 3 93 23 6 13 34 2 72 45 14 24 13 27 42 9 95 38 40 11 17 31 57 22 8 10 63 0 88 21 46
37 4 49 36 13 80 9 4 3 76 4 57 42 20 34 79 0 34 32 37 20 12 18 87 12 30 5 67 40 7 10 27 23 80 6 92 21 68 15 28 8 27 11 4 46 89 7 78 27 63 47 62 1 11 25 38 35 17 16 67 31 15 44 27 39 87 29 45 26 82 45 87 38 59 41 76 2 85 36 74 33 24 22 40 14 59 28 58 24 99 19 52 30 53 17 7 48 44 43 74
38 85 2 11 16 81 23 14 18 1 31 51 20 27 49 66 43 6 33 28 9 39 46 28 42 83 17 14 19 60 6 71 14 30 36 40 15 23 35 46 28 59 21 62 24 81 40 70 34 15 27 41 29 2 10 22 41 13 1 96 48 41 4 37 26 11 32 94 22 93 37 3 39 78 7 21 5 63 11 15 45 38 25 64 3 20 0 68 8 74 30 54 12 12 47 20 13 26 44 42
37 28 23 2 13 56 46 26 1 37 26 45 2 6 38 19 14 23 15 75 17 78 10 61 32 12 41 16 3 30 8 53 30 58 16 56 44 34 48 93 34 93 0 69 9 52 39 13 45 61 28 1 11 87 6 96 33 50 43 81 20 21 24 10 19 97 49 71 36 72 27 7 21 80 4 9 31 36 35 99 22 40 29 16 40 33 25 32 47 39 7 18 5 43 12 3 42 62 18 80
0 10 11 17 46 16 20 66 4 4 15 91 35 54 1 50 37 90 27 63 43 6 41 35 12 10 25 81 17 59 28 13 9 25 22 83 5 42 14 33 34 31 16 49 38 58 32 57 8 97 40 72 26 57 2 90 24 73 19 12 44 3 31 93 18 40 45 30 7 84 33 57 29 4 49 90 39 56 21 8 30 32 6 51 42 30 13 42 23 29 3 62 47 58 48 82 10 43 36 54
22 29 46 71 49 36 44 22 42 25 15 53 45 2 4 89 48 31 28 51 17 5 36 51 29 35 30 11 1 29 6 36 41 65 18 58 13 69 32 76 14 15 37 1 2 21 20 15 8 42 33 17 19 13 27 85 9 62 43 68 3 38 39 38 10 14 21 33 24 1 40 38 26 64 7 89 16 62 47 92 25 71 34 96 11 73 5 29 35 65 23 98 12 33 0 86 31 1 38 41
10 72 1 13 38 43 47 71 6 62 5 90 40 86 34 23 39 70 13 53 2 65 31 30 27 13 44 72 30 35 35 48 3 83 23 36 32 13 33 8 7 3 12 54 16 73 37 21 24 71 0 61 15 46 46 94 41 71 36 90 8 61 45 18 17 74 43 36 20 85 42 28 29 6 21 50 26 60 14 34 22 25 18 17 48 93 9 20 11 82 49 31 25 28 4 21 19 43 28 10
41 46 4 39 42 55 28 78 46 37 40 12 15 24 33 58 8 86 1 51 21 8 37 16 17 56 13 83 22 48 31 60 3 43 29 50 48 44 34 41 24 1 16 94 26 97 38 72 27 85 25 74 30 10 19 18 39 77 47 34 49 27 23 8 45 89 14 60 35 37 43 54 36 31 20 11 10 68 7 71 18 50 12 11 0 58 2 60 44 95 9 73 32 71 6 54 5 68 11 42
4 23 45 13 18 6 46 8 47 25 13 76 27 94 44 70 23 85 9 51 49 34 30 47 26 3 14 67 43 43 11 72 10 50 33 2 35 68 0 52 24 84 17 16 39 63 19 85 48 41 12 88 34 98 41 15 40 17 38 62 32 32 1 43 3 58 25 16 28 44 29 94 31 37 8 68 16 95 2 81 15 67 6 39 7 5 36 7 20 95 5 99 37 50 42 90 22 40 21 12
29 83 7 74 15 20 42 21 27 31 26 16 39 12 41 25 22 67 30 29 2 96 40 63 44 1 0 30 20 35 25 69 11 24 1 26 8 73 14 19 24 98 45 54 33 43 4 88 21 41 37 90 5 6 34 52 48 89 17 77 10 78 46 64 49 28 43 50 3 84 28 56 18 71 19 1 35 25 31 33 12 34 23 77 36 38 13 31 38 34 47 95 32 98 9 47 6 12 16 25
45 45 26 79 37 59 49 49 4 39 38 88 34 39 10 42 9 96 13 22 29 57 33 63 32 37 42 66 35 8 11 83 6 71 24 12 2 55 1 30 31 23 46 23 39 80 21 16 19 60 17 71 43 12 36 61 3 2 5 23 14 75 12 90 18 3 23 15 25 7 48 17 44 67 28 10 20 28 41 3 47 83 0 61 22 91 16 39 27 91 7 59 40 79 8 40 15 63 30 16
34 31 32 22 7 56 39 57 43 58 23 80 41 91 49 13 38 73 35 31 16 7 22 95 26 57 33 25 0 36 6 14 2 91 17 78 47 41 14 31 37 58 28 30 19 1 31 25 30 34 21 21 5 68 11 64 44 8 20 59 45 74 3 99 24 30 13 59 1 56 12 42 15 78 18 28 4 16 48 32 46 3 29 51 9 24 10 27 42 32 40 12 27 68 36 67 25 56 8 64
22 22 15 14 49 72 37 45 45 57 6 56 9 16 21 29 24 68 16 96 5 14 4 50 2 7 34 69 14 60 31 12 25 97 17 15 19 30 27 49 43 85 26 51 38 37 48 69 33 46 46 92 20 78 40 60 7 9 12 51 35 47 39 60 11 70 10 40 47 27 3 8 42 77 28 53 36 71 23 35 1 18 0 40 41 42 32 54 13 55 8 37 44 25 30 50 29 37 18 23
37 18 1 18 49 61 29 67 36 6 27 66 28 55 45 77 20 70 7 77 44 55 34 51 26 29 17 92 41 60 39 28 5 25 14 27 18 85 0 53 22 32 40 68 48 54 43 45 32 2 12 52 42 99 25 88 8 20 9 72 15 73 3 13 2 55 16 31 47 52 11 90 33 77 24 23 4 40 38 93 19 56 13 41 10 73 31 98 35 78 23 21 46 75 30 63 6 41 21 92
15 98 5 63 21 2 24 93 26 47 28 51 31 79 42 24 40 84 12 78 35 59 1 67 3 28 47 83 29 51 36 3 23 30 32 74 22 80 9 51 4 76 48 59 20 89 46 44 8 83 44 85 30 30 14 12 25 73 27 45 41 6 49 77 2 93 34 95 0 35 38 71 45 46 7 17 11 38 10 10 39 26 17 9 37 70 13 23 18 44 16 7 33 37 43 57 6 79 19 57
43 84 39 65 23 55 16 35 5 10 34 21 10 72 26 20 9 62 18 24 49 32 22 86 27 87 47 95 37 6 33 34 3 23 1 25 41 54 42 92 40 36 44 37 48 13 28 85 36 50 25 18 2 88 45 73 30 85 4 5 17 99 29 9 31 51 7 95 35 98 32 82 20 88 38 38 11 95 19 49 0 11 15 64 13 15 21 47 46 5 6 70 24 68 12 37 14 88 8 28
45 31 38 48 47 57 42 59 29 88 46 78 0 64 2 77 17 53 13 99 41 24 9 86 30 31 24 53 35 38 5 51 4 92 1 77 23 11 14 93 44 60 6 4 34 8 32 39 18 52 48 14 7 92 11 53 10 81 43 38 25 87 36 95 19 58 8 13 40 65 28 64 37 85 26 76 12 47 33 31 39 39 49 91 16 40 22 68 21 76 27 91 20 90 3 5 15 7 31 9
47 23 43 1 3 26 21 9 0 4 30 78 20 75 38 92 33 20 37 81 10 34 2 2 15 48 32 88 39 62 31 46 14 3 4 12 46 14 7 72 41 86 5 24 49 23 6 4 18 3 24 78 22 65 35 25 19 47 12 69 16 7 34 37 13 31 44 55 27 25 40 93 9 61 25 38 17 95 11 84 1 42 26 78 8 81 42 60 23 30 29 23 36 46 45 5 48 5 28 81
12 33 19 19 39 62 3 45 45 74 4 26 6 90 9 55 18 25 35 67 44 48 30 7 27 73 7 42 20 48 38 87 36 55 22 40 37 94 24 84 23 55 11 39 34 45 41 19 32 7 10 34 15 81 14 9 25 95 28 57 21 63 16 16 46 73 29 26 8 91 0 7 43 67 13 74 49 22 48 71 42 12 2 97 33 5 40 34 17 83 31 49 26 45 1 96 47 92 5 3
14 72 23 92 48 39 26 27 43 86 28 41 6 1 42 12 31 95 46 87 2 4 12 95 21 99 22 62 1 84 37 74 39 21 11 4 24 68 33 72 19 48 7 77 3 40 5 77 47 26 10 81 8 4 35 36 16 52 15 48 36 14 45 15 27 34 30 12 44 82 34 14 41 38 17 41 0 96 20 23 18 73 49 55 9 43 25 44 13 51 4 65 32 3 29 96 40 3 38 12
40 82 28 70 42 68 18 31 8 77 11 94 16 26 49 80 0 41 14 5 6 75 15 78 25 61 17 54 27 2 37 79 12 18 10 16 38 16 24 96 7 97 45 8 3 18 33 68 43 75 46 67 19 27 35 87 41 55 48 64 20 89 44 94 31 30 9 74 21 42 4 4 36 11 13 79 47 78 32 97 5 29 34 59 26 9 2 28 29 92 1 34 39 13 23 51 30 51 22 93
33 57 47 87 30 84 41 9 2 91 9 55 1 44 7 54 19 73 29 63 3 79 14 31 37 65 16 17 18 70 45 89 8 77 27 23 23 6 49 51 39 93 31 7 13 83 20 82 25 82 46 95 12 27 38 79 4 80 32 76 15 72 21 8 43 13 11 45 35 75 42 11 34 87 10 55 17 71 44 44 26 61 40 23 5 4 6 50 48 74 22 28 36 46 28 53 24 95 0 39
1 8 7 2 15 99 47 5 18 23 33 17 13 82 29 33 0 85 8 77 20 8 25 87 40 8 5 18 24 66 4 96 10 80 16 63 49 9 38 31 48 65 19 75 17 88 28 36 36 84 35 90 46 17 23 27 12 3 11 94 22 60 26 30 21 25 2 37 30 81 31 5 45 33 27 92 9 13 42 37 34 6 37 12 39 52 14 16 43 8 44 96 41 45 3 31 6 8 32 63
33 67 24 57 36 74 10 69 13 97 23 36 7 97 22 64 0 16 41 86 42 65 35 91 32 35 26 70 39 90 16 61 37 31 30 47 48 85 49 37 5 12 21 85 31 75 47 32 3 65 34 86 19 14 29 87 17 74 27 72 46 9 8 58 12 49 11 75 40 69 44 26 20 4 43 29 4 76 18 12 9 94 45 81 38 55 28 42 14 1 6 35 25 66 2 92 1 28 15 44
23 52 14 28 24 84 26 18 35 92 16 81 20 25 40 54 48 67 43 26 39 19 12 44 9 53 21 58 19 37 45 18 13 59 29 28 30 60 4 30 10 87 18 84 6 56 3 42 33 18 47 91 5 14 37 95 44 87 28 14 41 78 49 60 38 97 25 11 31 55 32 59 8 70 11 5 34 94 27 84 2 38 7 31 22 75 36 92 46 18 1 19 17 92 0 9 15 44 42 68
4 53 41 22 25 54 46 58 15 38 6 99 13 84 48 87 39 38 42 77 8 35 16 38 22 53 38 79 2 95 30 69 33 47 0 37 35 74 32 28 43 9 45 72 18 14 26 82 29 7 14 47 9 73 47 24 49 37 37 33 1 18 19 68 10 45 11 21 27 62 5 5 36 53 24 41 40 26 21 6 31 26 20 42 7 25 12 63 28 79 3 51 34 29 23 87 17 17 44 8
32 56 16 78 7 73 2 29 19 75 4 6 3 87 33 78 14 49 36 56 27 69 34 88 8 85 18 88 10 44 17 64 46 16 31 49 43 49 41 92 1 11 35 93 44 52 12 53 40 57 0 46 11 33 15 92 23 81 39 78 20 16 37 59 28 96 25 45 26 52 9 13 6 73 42 33 47 70 48 62 45 8 30 1 38 90 21 25 29 27 49 51 5 43 24 22 22 41 13 22
3 55 21 50 46 19 15 65 24 86 31 17 30 68 9 40 20 86 2 41 17 21 11 87 8 89 48 90 45 69 43 6 5 27 33 64 1 25 41 72 32 4 23 25 39 36 16 64 7 3 18 11 42 47 29 38 13 33 0 77 49 37 19 50 10 54 44 13 22 83 37 29 4 89 34 47 38 28 6 54 25 16 36 20 47 49 40 16 12 68 28 92 14 91 27 47 26 47 35 3
18 80 39 81 16 96 35 73 49 6 43 3 17 21 27 99 9 47 20 35 25 71 19 39 42 60 7 66 6 16 28 30 8 44 14 92 15 5 24 55 30 87 40 30 0 19 31 60 29 21 23 11 1 41 3 6 46 82 37 9 12 17 26 58 48 31 34 4 32 11 5 49 2 84 22 51 11 63 33 3 36 23 4 79 13 68 44 60 41 28 47 54 38 24 21 75 45 90 10 26
25 85 17 1 36 29 26 35 48 21 46 28 14 87 21 14 9 60 2 38 10 64 32 32 22 7 1 8 5 20 34 73 4 80 30 2 42 83 43 42 12 74 6 65 19 75 41 96 27 49 7 28 3 27 33 81 15 19 18 94 24 44 49 12 39 17 38 16 0 78 8 82 20 90 45 4 13 78 35 24 44 90 40 57 28 37 16 67 47 65 37 12 29 84 31 23 23 51 11 70
38 68 40 18 18 12 14 68 45 48 26 57 8 43 41 8 5 61 42 46 47 38 33 42 48 74 23 38 49 68 22 23 39 88 19 80 11 41 16 47 1 84 31 81 34 81 37 34 3 65 17 48 46 88 0 11 21 75 27 93 28 80 44 30 13 58 36 22 32 28 29 18 6 17 25 32 2 24 15 29 12 42 10 17 20 44 35 5 24 40 7 12 9 58 4 10 43 4 30 41
